-859.07
-859.07
-859.07
-859.07
-859.07
-859.07
-859.07
-859.07
-859.07
-859.07
-859.07
-859.07
-859.07
-859.07
-859.07
-859.07
-859.07
-859.07
-859.07
-859.07
-859.07
-859.07
-859.07
-859.07
-859.07
-859.07
-859.07
-859.07
-859.07
-859.07
-859.07
-859.07
-859.07
-859.07
-859.07
-859.07
-859.07
-859.07
-859.07
-859.07
-859.07
-859.07
-859.07
-859.07
-859.07
-929.07
-929.07
-929.07
-929.07
-929.07
-929.07
-929.07
-929.07
-929.07
-929.07
-929.07
-929.07
-929.07
-929.07
-929.07
-929.07
-929.07
-929.07
-929.07
-929.07
-929.07
-929.07
-929.07
-929.07
-929.07
-929.07
-929.07
-929.07
-929.07
-929.07
-929.07
-929.07
-929.07
-929.07
-929.07
-929.07
-929.07
-929.07
-929.07
-929.07
-929.07
-929.07
-929.07
-929.07
-929.07
-929.07
-929.07
-929.07
-929.07
-929.07
-929.07
-929.07
-929.07
-929.07
-929.07
-929.07
-929.07
-929.07
-359.07
-359.07
-359.07
-359.07
-359.07
-359.07
-359.07
-359.07
-359.07
-359.07
-359.07
-359.07
-359.07
-359.07
-359.07
-359.07
-780
-780
-780
-780
-780
-780
-780
-780
-230
-230
-230
-230
359.07
359.07
359.07
359.07
359.07
359.07
359.07
359.07
359.07
359.07
359.07
359.07
359.07
359.07
-50
-50
-50
-50
-50
-50
-50
-140.93
-140.93
-140.93
49.07
49.07
49.07
49.07
49.07
49.07
49.07
49.07
49.07
49.07
49.07
49.07
49.07
49.07
49.07
49.07
49.07
49.07
49.07
49.07
49.07
49.07
49.07
49.07
49.07
49.07
49.07
49.07
49.07
49.07
49.07
49.07
49.07
49.07
49.07
49.07
49.07
49.07
49.07
49.07
359.07
359.07
359.07
359.07
359.07
359.07
359.07
-50
-50
-50
-50
-50
-50
-50
-50
-50
-50
-50
-50
-50
-50
-50
-50
-50
-50
-50
-50
-50
-50
-50
-50
70.93
70.93
70.93
70.93
70.93
70.93
70.93
70.93
70.93
70.93
70.93
70.93
70.93
70.93
-19.07
-19.07
-19.07
10.93
10.93
10.93
380.93
380.93
380.93
380.93
380.93
380.93
549.07
549.07
549.07
549.07
549.07
906.23
906.23
906.23
906.23
906.23
906.23
906.23
906.23
906.23
906.23
906.23
906.23
906.23
906.23
906.23
906.23
906.23
906.23
906.23
906.23
906.23
906.23
906.23
906.23
906.23
906.23
906.23
906.23
906.23
906.23
906.23
906.23
906.23
906.23
906.23
906.23
906.23
906.23
906.23
906.23
906.23
906.23
906.23
906.23
906.23
906.23
906.23
906.23
906.23
906.23
906.23
906.23
906.23
906.23
906.23
906.23
906.23
906.23
906.23
906.23
906.23
906.23
906.23
906.23
906.23
906.23
906.23
906.23
906.23
906.23
906.23
906.23
906.23
906.23
906.23
906.23
906.23
906.23
906.23
906.23
906.23
906.23
906.23
906.23
906.23
906.23
906.23
906.23
906.23
906.23
906.23
906.23
906.23
906.23
906.23
906.23
906.23
906.23
906.23
906.23
906.23
906.23
906.23
906.23
906.23
906.23
906.23
906.23
906.23
906.23
906.23
906.23
906.23
906.23
906.23
906.23
906.23
906.23
906.23
906.23
906.23
906.23
906.23
906.23
906.23
906.23
906.23
906.23
906.23
906.23
906.23
850
850
850
850
850
850
850
850
850
850
850
850
850
850
850
850
850
850
850
850
850
850
850
850
850
850
850
850
850
850
850
850
850
850
850
850
850
850
850
850
850
850
850
850
850
850
850
850
850
850
850
850
850
850
850
850
850
850
850
850
850
850
850
850
850
850
850
850
850
850
850
850
850
850
850
850
850
850
850
850
850
850
850
850
850
850
850
850
850
850
850
850
850
850
850
850
850
850
850
850
850
850
850
850
850
850
850
850
850
850
850
850
850
850
850
850
850
850
850
760.93
760.93
760.93
760.93
760.93
760.93
760.93
760.93
760.93
760.93
760.93
760.93
760.93
760.93
760.93
760.93
760.93
760.93
760.93
760.93
760.93
760.93
760.93
760.93
760.93
760.93
760.93
760.93
760.93
760.93
760.93
760.93
760.93
760.93
760.93
760.93
760.93
760.93
760.93
760.93
640
640
640
640
640
640
640
640
640
640
640
640
640
640
640
640
640
640
640
640
640
640
640
640
640
640
640
640
640
640
640
640
640
640
640
640
640
640
640
405.24
415.24
424.92
435.08
445.24
455.24
464.92
475.08
485.24
495.24
504.92
515.08
525.24
535.24
545
555.16
565.16
574.84
585
595.16
605.16
614.84
625
635.16
645.16
654.84
665
675.16
685.16
694.84
705
715.16
725.16
734.84
745
755.16
364.84
374.52
384.68
394.84
355.16
350.93
350.93
350.93
350.93
350.93
350.93
350.93
350.93
350.93
350.93
350.93
350.93
350.93
350.93
350.93
350.93
350.93
350.93
350.93
350.93
350.93
350.93
350.93
350.93
350.93
350.93
350.93
350.93
350.93
350.93
350.93
350.93
350.93
350.93
350.93
350.93
350.93
350.93
350.93
350.93
455
465.16
475.16
484.84
495
505.16
515.16
524.84
535
545.16
555.16
564.84
575
585.16
595.16
604.84
615
625.16
635.16
449.07
449.07
449.07
449.07
449.07
449.07
449.07
449.07
449.07
449.07
449.07
449.07
449.07
449.07
449.07
449.07
449.07
449.07
449.07
449.07
449.07
449.07
449.07
449.07
449.07
449.07
449.07
449.07
449.07
449.07
449.07
449.07
449.07
449.07
449.07
449.07
449.07
449.07
159.07
159.07
159.07
159.07
159.07
159.07
159.07
159.07
159.07
159.07
159.07
159.07
159.07
159.07
159.07
159.07
159.07
159.07
159.07
159.07
159.07
159.07
159.07
159.07
159.07
159.07
159.07
159.07
159.07
159.07
159.07
159.07
159.07
159.07
159.07
159.07
159.07
159.07
159.07
159.07
60
60
60
60
60
60
60
60
60
60
60
60
60
60
60
60
60
60
60
60
60
60
60
60
60
60
60
60
60
60
60
60
60
60
60
60
60
-130.93
-130.93
-130.93
-130.93
-130.93
-130.93
-130.93
-130.93
-130.93
-130.93
-130.93
-130.93
-130.93
-130.93
-130.93
-130.93
-130.93
-130.93
-130.93
-130.93
-130.93
-130.93
-130.93
-130.93
-130.93
-130.93
-130.93
-130.93
-130.93
-130.93
-130.93
-130.93
-130.93
-130.93
-130.93
-130.93
-130.93
-130.93
-230.93
-230.93
-230.93
-230.93
-230.93
-230.93
-230.93
-230.93
-230.93
-230.93
-230.93
-230.93
-230.93
-230.93
-230.93
-230.93
-230.93
-230.93
-230.93
-230.93
-230.93
-230.93
-230.93
-230.93
-230.93
-230.93
-230.93
-230.93
-230.93
-230.93
-230.93
-230.93
-230.93
-230.93
-230.93
-230.93
-230.93
-230.93
-230.93
-230.93
-475.85
-475.85
-475.85
-475.85
-475.85
-475.85
-475.85
-475.85
-475.85
-475.85
-475.85
-475.85
-475.85
-475.85
-475.85
-475.85
-475.85
-475.85
-475.85
-475.85
-475.85
-475.85
-475.85
-475.85
-475.85
-475.85
-475.85
-475.85
-475.85
-475.85
-475.85
-475.85
-475.85
-475.85
-475.85
-475.85
-475.85
-475.85
-475.85
-475.85
-574.92
-574.92
-574.92
-574.92
-574.92
-574.92
-574.92
-574.92
-574.92
-574.92
-574.92
-574.92
-574.92
-574.92
-574.92
-574.92
-574.92
-574.92
-574.92
-574.92
-574.92
-574.92
-574.92
-574.92
-574.92
-574.92
-574.92
-574.92
-574.92
-574.92
-574.92
-574.92
-574.92
-574.92
-574.92
-574.92
-574.92
-574.92
-765.85
-765.85
-765.85
-765.85
-765.85
-765.85
-765.85
-765.85
-765.85
-765.85
-765.85
-765.85
-765.85
-765.85
-765.85
-765.85
-765.85
-765.85
-765.85
-765.85
-765.85
-765.85
-765.85
-765.85
-765.85
-765.85
-765.85
-765.85
-765.85
-765.85
-765.85
-765.85
-765.85
-765.85
-765.85
-765.85
-765.85
-765.85
-835.93
-835.93
-835.93
-835.93
-835.93
-835.93
-835.93
-835.93
-835.93
-835.93
-835.93
-835.93
-835.93
-835.93
-835.93
-835.93
-835.93
-835.93
-835.93
-835.93
-835.93
-835.93
-835.93
-835.93
-835.93
-835.93
-835.93
-835.93
-835.93
-835.93
-835.93
-835.93
-835.93
-835.93
-835.93
-835.93
-835.93
-835.93
-835.93
-836.01
-836.01
-836.01
-836.01
-836.01
-836.01
-836.01
-836.01
-836.01
-836.01
-836.01
-836.01
-836.01
-836.01
-836.01
-836.01
-836.01
-836.01
-836.01
-836.01
-836.01
-836.01
-836.01
-836.01
-836.01
-836.01
-836.01
-836.01
-836.01
-836.01
-836.01
-836.01
-836.01
-836.01
-836.01
-836.01
-836.01
-836.01
-836.01
-835.93
-835.93
-835.93
-835.93
-765.93
-765.93
-765.93
-765.93
-765.93
-765.93
-765.93
-765.93
-765.93
-765.93
-765.93
-765.93
-765.93
-765.93
-765.93
-765.93
-765.93
-765.93
-765.93
-765.93
-765.93
-765.93
-765.93
-765.93
-765.93
-765.93
-765.93
-765.93
-765.93
-765.93
-765.93
-835.93
60
