-529.68
-519.84
-509.84
-500.16
-490.32
-480.32
-470.16
-460.32
-450.32
-440.64
-430.8
-420.8
-413.71
-403.87
-393.87
-384.2
-374.36
-364.36
-354.2
-344.36
-334.36
-324.68
-314.84
-304.84
-762.58
-752.58
-742.58
-732.9
-723.06
-713.06
-702.9
-693.06
-683.06
-673.39
-663.55
-653.55
-646.45
-636.61
-626.61
-616.94
-607.1
-597.1
-586.94
-577.1
-567.1
-557.42
-547.58
-537.58
-62.42
-52.58
-42.58
-32.9
-23.06
-13.06
-2.9
6.94
16.94
26.61
36.45
46.45
53.55
63.39
73.39
83.06
92.9
102.9
113.06
122.9
132.9
142.58
152.42
162.42
-295.16
-285.32
-275.32
-265.64
-255.8
-245.8
-235.64
-225.8
-215.8
-206.13
-196.29
-186.29
-179.2
-169.36
-159.36
-149.68
-139.84
-129.84
-119.68
-109.84
-99.84
-90.16
-80.32
-70.32
172.9
182.58
192.42
202.42
212.58
222.42
232.42
242.1
251.94
261.94
269.03
278.87
288.87
298.55
308.39
318.39
328.55
338.39
348.39
358.06
367.9
377.9
620.32
630.16
640.16
649.84
659.68
669.68
679.84
689.68
699.68
709.36
719.2
729.2
736.29
746.13
756.13
765.8
775.64
785.64
795.8
805.64
815.64
825.32
835.16
387.58
397.42
407.42
417.1
426.94
436.94
447.1
456.94
466.94
476.61
486.45
496.45
503.55
513.39
523.39
533.06
542.9
552.9
563.06
572.9
582.9
592.58
602.42
612.42
-689.68
-679.84
-669.84
-660.16
-650.32
-640.32
-630.16
-620.32
-610.32
-600.64
-590.8
-580.8
-573.71
-563.87
-553.87
-544.2
-534.36
-524.36
-514.2
-504.36
-494.36
-484.68
-474.84
-464.84
-922.58
-912.58
-902.58
-892.9
-883.06
-873.06
-862.9
-853.06
-843.06
-833.39
-823.55
-813.55
-806.45
-796.61
-786.61
-776.94
-767.1
-757.1
-746.94
-737.1
-727.1
-717.42
-707.58
-697.58
-222.42
-212.58
-202.58
-192.9
-183.06
-173.06
-162.9
-153.06
-143.06
-133.39
-123.55
-113.55
-106.45
-96.61
-86.61
-76.94
-67.1
-57.1
-46.94
-37.1
-27.1
-17.42
-7.58
2.42
-455.16
-445.32
-435.32
-425.64
-415.8
-405.8
-395.64
-385.8
-375.8
-366.13
-356.29
-346.29
-339.2
-329.36
-319.36
-309.68
-299.84
-289.84
-279.68
-269.84
-259.84
-250.16
-240.32
-230.32
12.9
22.58
32.42
42.42
52.58
62.42
72.42
82.1
91.94
101.94
109.03
118.87
128.87
138.55
148.39
158.39
168.55
178.39
188.39
198.06
207.9
217.9
460.32
470.16
480.16
489.84
499.68
509.68
519.84
529.68
539.68
549.36
559.2
569.2
576.29
586.13
596.13
605.8
615.64
625.64
635.8
645.64
655.64
665.32
675.16
227.58
237.42
247.42
257.1
266.94
276.94
287.1
296.94
306.94
316.61
326.45
336.45
343.55
353.39
363.39
373.06
382.9
392.9
403.06
412.9
422.9
432.58
442.42
452.42
-619.68
-609.84
-599.84
-590.16
-580.32
-570.32
-560.16
-550.32
-540.32
-530.64
-520.8
-510.8
-503.71
-493.87
-483.87
-474.2
-464.36
-454.36
-444.2
-434.36
-424.36
-414.68
-404.84
-394.84
-852.58
-842.58
-832.58
-822.9
-813.06
-803.06
-792.9
-783.06
-773.06
-763.39
-753.55
-743.55
-736.45
-726.61
-716.61
-706.94
-697.1
-687.1
-676.94
-667.1
-657.1
-647.42
-637.58
-627.58
-152.42
-142.58
-132.58
-122.9
-113.06
-103.06
-92.9
-83.06
-73.06
-63.39
-53.55
-43.55
-36.45
-26.61
-16.61
-6.94
2.9
12.9
23.06
32.9
42.9
52.58
62.42
72.42
-385.16
-375.32
-365.32
-355.64
-345.8
-335.8
-325.64
-315.8
-305.8
-296.13
-286.29
-276.29
-269.2
-259.36
-249.36
-239.68
-229.84
-219.84
-209.68
-199.84
-189.84
-180.16
-170.32
-160.32
82.9
92.58
102.42
112.42
122.58
132.42
142.42
152.1
161.94
171.94
179.03
188.87
198.87
208.55
218.39
228.39
238.55
248.39
258.39
268.06
277.9
287.9
530.32
540.16
550.16
559.84
569.68
579.68
589.84
599.68
609.68
619.36
629.2
639.2
646.29
656.13
666.13
675.8
685.64
695.64
705.8
715.64
725.64
735.32
745.16
297.58
307.42
317.42
327.1
336.94
346.94
357.1
366.94
376.94
386.61
396.45
406.45
413.55
423.39
433.39
443.06
452.9
462.9
473.06
482.9
492.9
502.58
512.42
522.42
755.24
765.4
775.24
785.24
794.92
804.76
815.24
825.24
834.92
844.76
685.24
695.4
705.24
715.24
724.92
734.76
-624.68
-614.84
-604.84
-595.16
-585.32
-575.32
-565.16
-555.32
-545.32
-535.64
-525.8
-515.8
-508.71
-498.87
-488.87
-479.2
-469.36
-459.36
-449.2
-439.36
-429.36
-419.68
-409.84
-399.84
-847.58
-837.58
-827.9
-818.06
-808.06
-797.9
-788.06
-778.06
-768.39
-758.55
-748.55
-741.45
-731.61
-721.61
-711.94
-702.1
-692.1
-681.94
-672.1
-662.1
-652.42
-642.58
-632.58
-390.16
-380.32
-370.32
-360.64
-350.8
-340.8
-330.64
-320.8
-310.8
-301.13
-291.29
-281.29
-274.2
-264.36
-254.36
-244.68
-234.84
-626.45
-616.61
-606.61
-596.94
-587.1
-577.1
-566.94
-557.1
-547.1
-537.42
-527.58
-517.58
-510.49
-500.65
-490.65
-480.97
-471.13
-461.13
-450.97
-441.13
-431.13
-421.45
-411.61
-401.61
-774.84
-764.84
-754.84
-744.84
-734.84
-724.84
-714.84
-704.84
-694.84
-684.84
-674.84
-664.84
-654.84
-644.84
-634.84
-391.94
-382.1
-372.1
-362.42
-352.58
-342.58
-332.42
-322.58
-312.58
-302.9
-294.84
-284.84
-275.97
-266.13
-256.13
-246.45
-236.61
-634.68
-624.84
-614.84
-605.16
-595.32
-585.32
-575.16
-565.32
-555.32
-545.64
-535.8
-525.8
-518.71
-508.87
-498.87
-489.2
-479.36
-469.36
-459.2
-449.36
-439.36
-429.68
-419.84
-409.84
-773.06
-763.06
-753.06
-743.06
-733.06
-723.06
-713.06
-703.06
-693.06
-683.06
-673.06
-663.06
-653.06
-643.06
-400.16
-390.32
-380.32
-370.64
-360.8
-722.82
-712.99
-702.99
-693.31
-683.47
-673.47
-663.31
-653.47
-643.47
-633.79
-623.95
-613.95
-606.86
-597.02
-587.02
-577.34
-567.5
-557.5
-547.34
-537.5
-527.5
-517.82
-507.99
-497.99
-851.21
-841.21
-831.21
-821.21
-811.21
-801.21
-791.21
-781.21
-771.21
-761.21
-751.21
-741.21
-731.21
-488.31
-478.47
-468.47
-458.79
-702.26
-692.42
-682.42
-672.74
-662.9
-652.9
-642.74
-632.9
-622.9
-613.22
-603.39
-593.39
-586.29
-576.45
-566.45
-556.78
-546.94
-536.94
-526.78
-516.94
-506.94
-497.26
-487.42
-477.42
-925.16
-915.16
-905.48
-895.64
-885.64
-875.48
-865.64
-855.64
-845.97
-836.13
-826.13
-819.03
-809.2
-799.2
-789.52
-779.68
-769.68
-759.52
-749.68
-739.68
-730
-720.16
-710.16
-467.74
-457.9
-447.9
-438.22
-428.39
-418.39
-408.22
-398.39
-388.39
-378.71
-368.87
-358.87
57.74
67.74
78.22
87.9
97.74
107.74
117.9
127.74
137.74
147.42
157.26
167.26
174.35
184.19
194.19
203.87
213.71
223.71
233.87
243.71
253.71
263.39
273.22
283.22
292.9
302.74
312.74
322.42
332.26
342.26
352.42
362.26
372.26
74.84
85.32
95
104.84
114.84
125
134.84
144.84
154.52
164.36
174.36
181.45
191.29
201.29
210.97
220.8
230.8
240.97
250.8
260.8
270.48
280.32
290.32
300
309.84
319.84
329.52
339.36
349.36
359.52
369.36
379.36
75.16
86.13
95.8
105.64
115.64
125.8
135.64
145.64
155.32
165.16
175.16
182.25
192.09
202.09
211.77
221.61
231.61
241.77
251.61
261.61
271.29
281.13
291.13
300.8
310.64
320.64
330.32
340.16
350.16
644.84
654.84
664.52
674.36
684.36
694.52
704.36
714.36
724.03
733.87
743.87
750.97
760.8
770.8
780.48
790.32
800.32
810.48
820.32
830.32
840
849.84
803.87
810.97
820.8
830.8
840.48
850.32
860.32
870.48
880.32
890.32
900
765
774.84
784.84
795
64.84
74.68
84.68
94.84
104.68
114.68
124.36
134.2
144.2
151.29
161.13
171.13
180.8
190.64
200.64
210.8
220.64
230.64
240.32
250.16
260.16
269.84
279.68
289.68
299.36
309.2
319.2
329.36
339.2
349.2
358.87
368.71
378.71
385.8
395.64
405.64
415.32
425.16
435.16
445
161.05
170.89
180.89
191.05
200.89
210.89
220.56
230.4
240.4
250.08
259.92
269.92
279.6
289.44
299.44
309.6
319.44
329.44
339.11
348.95
-422.75
-412.91
-402.91
-392.75
-382.91
-372.91
-363.23
-353.39
-343.39
-333.71
-323.87
-313.87
-304.2
-294.36
-284.36
-274.2
-264.36
-254.36
-244.68
-234.84
-470.16
-460.32
-450.32
-440.16
-430.32
-322.75
-312.91
-302.91
-292.75
-282.91
-272.91
-263.23
-253.39
-243.39
-233.71
-223.87
-213.87
-204.2
-194.36
-184.36
-174.2
-164.36
-154.36
-144.68
-134.84
-360.32
-350.32
-340.16
-330.32
-557.75
-547.91
-537.91
-527.75
-517.91
-507.91
-498.23
-488.39
-478.39
-468.71
-458.87
-448.87
-439.2
-429.36
-419.36
-409.2
-399.36
-389.36
-379.68
-369.84
-575.16
-565.32
-11.61
-1.78
8.22
18.39
28.22
38.22
47.9
57.74
67.74
77.42
87.26
97.26
106.94
116.78
126.78
136.94
146.78
156.78
-49.19
-39.19
-29.03
-19.19
-226.78
-216.61
-206.78
-196.78
-187.1
-177.26
-167.26
-157.58
-147.74
-137.74
-128.06
-118.22
-108.22
-98.06
-88.22
-78.22
-68.55
-58.71
47.58
57.42
10.01
20.01
30.17
40.01
-127.9
-118.06
-108.06
-98.39
-88.55
-78.55
-68.87
-59.03
-49.03
-38.87
-29.03
-19.03
-9.35
0.49
-587.18
-577.34
-624.75
-614.75
-604.59
-594.75
-762.66
-752.82
-742.82
-733.14
-723.3
-713.3
-703.63
-693.79
-683.79
-673.63
-663.79
-653.79
-644.11
-634.27
-616.61
-606.78
-596.78
-586.61
-576.78
-566.78
-557.1
-547.26
-537.26
-527.58
-517.74
-507.74
-498.06
-488.22
-478.22
-654.19
-644.19
-634.03
-624.19
-831.78
-821.61
-811.78
-801.78
-792.1
-782.26
-772.26
-762.58
-752.74
-742.74
-733.06
-723.22
-713.22
-703.06
-693.22
-683.22
-673.55
-663.71
-44.68
-34.84
-24.84
-14.68
-4.84
5.16
15.32
25.16
35.16
45.16
-43.87
-34.2
-24.36
-14.36
-4.2
5.64
15.64
25.32
35.16
45.16
52.25
62.09
72.09
81.77
91.61
101.61
111.77
121.61
131.61
141.29
151.13
161.13
170.8
180.64
190.64
200.32
210.16
220.16
230.16
250.32
260.16
270.16
240
-135.16
-125.32
-115.32
-105.16
-95.32
-85.32
-75.64
-65.8
-55.8
-48.71
-38.87
-28.87
-19.2
-9.36
0.64
10.8
20.64
30.64
40.32
50.16
60.16
69.84
79.68
89.68
99.36
109.2
119.2
129.2
149.36
159.2
139.03
176.77
186.61
196.61
206.77
216.61
226.61
236.29
246.13
256.13
265.8
275.64
285.64
295.32
305.16
315.16
325.16
345.32
355.16
335
169.84
577.74
587.42
597.26
607.26
616.94
626.78
636.78
646.45
656.29
666.29
676.29
696.45
706.29
686.13
723.87
733.71
743.71
753.87
763.71
773.71
783.39
793.22
803.22
812.9
822.74
832.74
842.42
852.26
862.26
872.26
892.42
902.26
882.1
716.94
560
570
679.19
689.03
699.03
709.19
719.03
729.03
738.71
748.55
758.55
768.22
778.06
788.06
797.74
807.58
817.58
827.58
847.74
837.42
672.26
664.84
655.16
844.84
617.82
580.25
590.25
600.41
610.25
452.18
462.18
471.86
481.7
491.7
501.37
511.21
521.21
531.37
541.21
551.21
560.89
570.73
625.16
635.16
739.15
701.58
711.58
721.74
731.58
573.51
583.51
593.19
603.03
613.03
622.7
632.54
642.54
652.7
662.54
672.54
682.22
692.06
746.49
756.49
547.82
510.25
520.25
530.41
540.25
382.18
392.18
401.86
411.7
421.7
431.37
441.21
451.21
461.37
471.21
481.21
490.89
500.73
555.16
565.16
355.16
365.16
375.16
