19.07
19.07
18.98
18.98
18.98
18.94
18.98
18.98
18.9
18.9
18.9
18.86
18.98
18.98
18.9
18.9
18.9
18.86
18.9
18.9
18.82
18.82
18.82
18.78
18.98
18.98
18.9
18.9
18.9
18.86
18.9
18.9
18.82
18.82
18.82
18.78
18.9
18.9
18.82
18.82
18.82
18.78
18.82
18.82
18.73
18.73
18.73
18.69
18.98
18.98
18.9
18.9
18.9
18.86
18.9
18.9
18.82
18.82
18.82
18.78
18.9
18.9
18.82
18.82
18.82
18.78
18.82
18.82
18.73
18.73
18.73
18.69
18.9
18.9
18.82
18.82
18.82
18.78
18.82
18.82
18.73
18.73
18.73
18.69
18.82
18.82
18.73
18.73
18.73
18.69
18.73
18.73
18.65
18.65
18.65
18.61
18.98
18.98
18.98
18.94
18.98
18.98
18.9
18.9
18.9
18.86
18.98
18.98
18.9
18.9
18.9
18.86
18.9
18.9
18.82
18.82
18.82
18.78
18.98
18.98
18.9
18.9
18.9
18.86
18.9
18.9
18.82
18.82
18.82
18.78
18.9
18.9
18.82
18.82
18.82
18.78
18.82
18.82
18.73
18.73
18.73
18.9
18.9
18.82
18.82
18.82
18.78
18.82
18.82
18.73
18.73
18.73
18.69
18.82
18.82
18.73
18.73
18.73
18.69
18.73
18.73
18.65
18.65
18.65
18.61
81.39
81.39
81.31
81.31
81.31
81.27
81.31
81.31
81.22
81.22
81.22
81.18
81.31
81.31
81.22
81.22
81.22
81.18
81.22
81.22
81.14
81.14
81.14
81.1
81.31
81.31
81.22
81.22
81.22
81.18
81.22
81.22
81.14
81.14
81.14
81.1
81.22
81.22
81.14
81.14
81.14
81.1
81.14
81.14
81.06
81.06
81.06
81.02
81.31
81.31
81.22
81.22
81.22
81.18
81.22
81.22
81.14
81.14
81.14
81.1
81.22
81.22
81.14
81.14
81.14
81.1
81.14
81.14
81.06
81.06
81.06
81.02
81.22
81.22
81.14
81.14
81.14
81.1
81.14
81.14
81.06
81.06
81.06
81.02
81.14
81.14
81.06
81.06
81.06
81.02
81.06
81.06
80.98
80.98
80.98
80.93
81.31
81.31
81.31
81.27
81.31
81.31
81.22
81.22
81.22
81.18
81.31
81.31
81.22
81.22
81.22
81.18
81.22
81.22
81.14
81.14
81.14
81.1
81.31
81.31
81.22
81.22
81.22
81.18
81.22
81.22
81.14
81.14
81.14
81.1
81.22
81.22
81.14
81.14
81.14
81.1
81.14
81.14
81.06
81.06
81.06
81.22
81.22
81.14
81.14
81.14
81.1
81.14
81.14
81.06
81.06
81.06
81.02
81.14
81.14
81.06
81.06
81.06
81.02
81.06
81.06
80.98
80.98
80.98
80.93
140.23
140.23
140.14
140.14
140.14
140.1
140.14
140.14
140.06
140.06
140.06
140.02
140.14
140.14
140.06
140.06
140.06
140.02
140.06
140.06
139.98
139.98
139.98
139.94
140.14
140.14
140.06
140.06
140.06
140.02
140.06
140.06
139.98
139.98
139.98
139.94
140.06
140.06
139.98
139.98
139.98
139.94
139.98
139.98
139.9
139.9
139.9
139.86
140.14
140.14
140.06
140.06
140.06
140.02
140.06
140.06
139.98
139.98
139.98
139.94
140.06
140.06
139.98
139.98
139.98
139.94
139.98
139.98
139.9
139.9
139.9
139.86
140.06
140.06
139.98
139.98
139.98
139.94
139.98
139.98
139.9
139.9
139.9
139.86
139.98
139.98
139.9
139.9
139.9
139.86
139.9
139.9
139.81
139.81
139.81
139.77
140.14
140.14
140.14
140.1
140.14
140.14
140.06
140.06
140.06
140.02
140.14
140.14
140.06
140.06
140.06
140.02
140.06
140.06
139.98
139.98
139.98
139.94
140.14
140.14
140.06
140.06
140.06
140.02
140.06
140.06
139.98
139.98
139.98
139.94
140.06
140.06
139.98
139.98
139.98
139.94
139.98
139.98
139.9
139.9
139.9
140.06
140.06
139.98
139.98
139.98
139.94
139.98
139.98
139.9
139.9
139.9
139.86
139.98
139.98
139.9
139.9
139.9
139.86
139.9
139.9
139.81
139.81
139.81
139.77
140
140.04
140.04
139.96
139.96
139.96
140.04
139.96
139.96
139.96
80.98
81.02
81.02
80.93
80.93
80.93
360.19
360.19
360.1
360.1
360.1
360.06
360.1
360.1
360.02
360.02
360.02
359.98
360.1
360.1
360.02
360.02
360.02
359.98
360.02
360.02
359.94
359.94
359.94
359.9
360.1
360.02
360.02
360.02
359.98
360.02
360.02
359.94
359.94
359.94
359.9
360.02
360.02
359.94
359.94
359.94
359.9
359.94
359.94
359.86
359.86
359.86
359.81
360.02
360.02
359.94
359.94
359.94
359.9
359.94
359.94
359.86
359.86
359.86
359.81
359.94
359.94
359.86
359.86
359.86
421.31
421.31
421.22
421.22
421.22
421.18
421.22
421.22
421.14
421.14
421.14
421.1
421.22
421.22
421.14
421.14
421.14
421.1
421.14
421.14
421.06
421.06
421.06
421.02
421.06
421.06
421.02
421.14
421.14
421.06
421.06
421.06
421.02
421.06
421.06
420.98
420.98
420.98
420.93
421.14
421.14
421.06
421.06
421.06
421.02
421.06
421.06
420.98
420.98
420.98
420.93
421.06
421.06
420.98
420.98
420.98
499.07
499.07
498.98
498.98
498.98
498.94
498.98
498.98
498.9
498.9
498.9
498.86
498.98
498.98
498.9
498.9
498.9
498.86
498.9
498.9
498.82
498.82
498.82
498.78
498.82
498.78
498.9
498.9
498.82
498.82
498.82
498.78
498.82
498.82
498.73
498.73
498.73
498.69
498.9
498.9
498.82
498.82
498.82
589.07
589.07
588.98
588.98
588.98
588.94
588.98
588.98
588.9
588.9
588.9
588.86
588.98
588.98
588.9
588.9
588.9
588.86
588.9
588.9
588.82
588.82
588.82
588.78
588.78
588.9
588.9
588.82
588.82
588.82
588.78
588.82
588.82
588.73
588.73
588.73
588.69
588.9
588.9
588.82
588.82
659.07
659.07
658.98
658.98
658.98
658.94
658.98
658.98
658.9
658.9
658.9
658.86
658.98
658.98
658.9
658.9
658.9
658.86
658.9
658.9
658.82
658.82
658.82
658.78
658.98
658.9
658.9
658.9
658.86
658.9
658.9
658.82
658.82
658.82
658.78
658.9
658.9
658.82
658.82
658.82
658.78
658.82
658.82
658.73
658.73
658.73
658.69
658.9
658.9
658.82
658.82
658.82
658.78
658.82
658.82
658.73
658.73
658.73
658.69
540.98
540.93
541.22
541.22
541.22
541.18
541.22
541.22
541.14
541.14
541.14
541.1
541.22
541.22
541.14
541.14
541.14
541.1
541.14
541.14
541.06
541.06
541.06
541.02
541.14
541.14
541.06
541.06
541.06
541.02
541.06
541.06
540.98
618.78
619.07
619.07
619.07
619.02
619.07
619.07
618.98
618.98
618.98
618.94
619.07
619.07
618.98
618.98
618.98
618.94
618.98
618.98
618.9
618.9
618.9
618.86
618.98
618.98
618.9
618.9
618.9
618.86
618.9
618.9
618.82
759.07
759.07
759.07
759.07
759.02
759.07
759.07
758.98
758.98
758.98
758.94
759.07
759.07
758.98
758.98
758.98
758.94
758.98
758.98
758.9
758.9
758.9
758.86
758.98
758.98
758.9
758.9
758.9
758.86
-280.93
-281.02
-281.02
-281.02
-281.06
-281.02
-281.02
-281.1
-281.1
-281.1
-281.14
-281.02
-281.02
-281.1
-281.1
-281.1
-281.14
-281.1
-281.1
-281.18
-281.18
-281.18
-349.02
-348.9
-348.9
-348.98
-348.98
-348.98
-349.02
-348.98
-348.98
-349.07
-349.07
-349.02
-349.02
-349.07
-349.02
-289.86
-289.86
-289.9
-289.86
-289.86
-289.94
-289.94
-289.94
-289.98
-289.86
-289.86
-289.94
-289.94
-289.94
-289.98
-289.94
-289.94
-290.02
-290.02
-290.02
-290.06
-289.94
-289.94
-290.02
-290.02
-290.02
-290.06
-290.02
-290.02
-290.1
-290.1
-290.1
-290.14
-290.02
-290.02
-290.1
-290.1
-290.1
-290
-290
-349.94
-349.94
-349.98
-349.94
-349.94
-350.02
-350.02
-350.02
-350.06
-349.94
-349.94
-350.02
-350.02
-350.02
-350.06
-350.02
-350.02
-350.1
-350.1
-350.1
-350.93
-350.93
-350.98
-350.93
-350.93
-351.02
-351.02
-351.02
-351.06
-350.93
-350.93
-351.02
-351.02
-351.02
-351.06
-351.02
-351.02
-351.1
-351.1
-351.1
-350.93
-350.93
-350.98
-350.93
-350.93
-289.92
-289.92
-289.96
-289.92
-289.92
-290
-290
-290
-290.04
-289.92
-289.92
-290
-290
-290
-290.04
-290
-290
-290.08
-290.08
-290.08
-289.92
-289.96
-289.92
-289.92
-289.92
-289.92
-289.96
-289.92
-289.92
-290
-290
-290
-290.04
-289.92
-289.92
-290
-290
-290
-290.04
-290
-290
-290.08
-290.08
-290.08
-289.92
-289.92
-748.9
-748.9
-748.94
-748.9
-748.9
-748.98
-748.98
-748.98
-749.02
-748.9
-748.9
-748.98
-748.98
-748.98
-749.02
-748.98
-748.98
-749.07
-748.9
-748.94
-748.9
-748.9
-748.94
-748.9
-748.9
-748.98
-748.98
-748.98
-749.02
-748.9
-748.9
-748.98
-748.98
-748.98
-749.02
-748.98
-748.98
-749.07
-749.07
-749.07
-670.93
-670.93
-670.93
-670.98
-670.93
-670.93
-671.02
-671.02
-671.06
-670.93
-670.93
-671.02
-671.02
-671.02
-671.06
-671.02
-671.02
-671.1
-671.1
-671.1
-668.9
-668.9
-668.9
-668.94
-668.9
-668.9
-668.98
-668.98
-669.02
-668.9
-668.9
-668.98
-668.98
-668.98
-669.02
-668.98
-668.98
-669.07
-669.07
-669.07
-749.92
-749.92
-749.96
-749.92
-749.92
-750
-750
-750
-750.04
-749.92
-749.92
-750
-750
-750
-750.04
-749.92
-749.96
-749.92
-749.92
-749.96
-749.92
-749.92
-750
-750
-750
-750.04
-749.92
-749.92
-750
-750
-750
-750.04
-750
-750
-750.08
-750.08
-750.08
580.02
580.02
579.98
549.07
549.07
549.02
518.99
518.99
518.94
519.07
890.93
891.14
891.14
891.1
891.14
891.14
891.06
891.06
891.06
891.02
891.14
891.14
891.06
891.06
891.06
891.02
891.06
891.06
890.98
890.98
890.98
890.93
891.06
891.06
890.98
890.98
890.98
890.93
891.06
890.98
890.98
890.93
890.93
971.14
971.14
971.1
971.14
971.14
971.06
971.06
971.06
971.02
971.14
971.14
971.06
971.06
971.06
971.02
971.06
971.06
970.98
970.98
970.98
970.93
971.06
971.06
970.98
970.98
970.98
970.93
971.06
970.98
970.98
970.93
971.06
971.06
971.02
971.06
971.06
970.98
970.98
970.98
970.93
971.06
971.06
970.98
970.98
970.98
970.93
971.06
970.98
970.98
970.93
970.93
950.98
950.98
950.98
950.93
951.06
951.06
950.98
950.98
950.98
950.93
951.06
950.98
950.98
950.93
951.06
951.06
951.02
951.06
951.06
950.98
950.98
950.98
950.93
951.06
951.06
950.98
950.98
950.98
950.93
951.06
950.98
950.98
950.93
950.93
950.93
950.93
901.06
901.06
901.02
901.06
901.06
900.98
900.98
900.98
900.93
901.06
901.06
900.98
900.98
900.98
900.93
901.06
900.98
900.93
900.93
900.93
900.93
19.07
-670.93
-670.93
-670.98
-670.93
-670.93
-671.02
-671.06
-670.93
-670.93
-671.02
-671.02
-671.02
-671.06
-671.02
-671.02
-671.1
-671.1
-671.1
-670.93
-670.93
-750.93
-750.93
-750.98
-750.93
-750.93
-751.02
-751.06
-750.93
-750.93
-751.02
-751.02
-751.02
-751.06
-751.02
-751.02
-751.1
-751.1
-751.1
-750.93
-750.93
-750.93
-750.93
-750.98
-750.93
-750.93
-751.02
-751.06
-750.93
-750.93
-751.02
-751.02
-751.02
-751.06
-751.02
-751.02
-751.1
-751.1
-751.1
-750.93
-750.93
-750.93
-750.98
-750.93
