585.73
575.73
566.06
555.89
545.73
535.73
526.06
515.89
505.73
495.73
486.06
475.89
465.73
455.73
446.06
435.89
425.73
415.73
406.06
395.89
385.73
375.73
366.06
355.89
345.73
335.73
326.06
315.89
305.73
295.73
286.06
275.89
265.73
255.73
246.06
235.89
225.73
215.73
206.06
195.89
185.73
175.73
166.06
155.89
145.73
504.68
495
484.84
474.68
464.68
455
444.84
434.68
424.68
415
404.84
394.68
384.68
375
364.84
354.68
344.68
335
324.84
314.68
304.68
295
284.84
274.68
264.68
255
244.84
234.68
224.68
215
204.84
194.68
184.68
175
164.84
154.68
144.68
135
124.84
114.68
104.68
95
84.84
614.68
605
594.84
584.68
574.68
565
554.84
544.68
534.68
525
514.84
654.84
645.16
635
624.84
655.16
645
634.84
624.84
615.16
605
594.84
584.84
575.16
565
554.84
544.84
535.16
525
514.84
504.84
494.68
484.68
475
464.84
454.68
444.68
435
424.84
414.84
364.84
375
404.84
965.16
955
945
935.32
925.16
915
905
895.32
885.16
875
865
855.32
845.16
835
875.08
864.92
854.92
845.24
835.08
824.92
885.16
975.16
985.16
995.16
275.16
265
255
245.32
235.16
225
215
205.32
195.16
185
175
165.32
155.16
145
404.84
394.68
384.68
375
364.84
354.68
344.68
335
324.84
314.68
304.68
295
284.84
505.16
495
485.16
475.32
465.16
455
445
435.32
425.16
415
525.08
514.92
534.84
825.16
815
804.84
794.84
785.16
775
764.84
785.08
774.92
764.92
755.24
745.08
795.16
805.16
815.16
714.68
704.52
694.52
684.84
724.76
734.76
670
680
635.08
624.92
614.92
605.24
645.16
590.4
600.4
654.84
755.16
745
735
725.32
715.16
705
695
685.32
675.16
665
655
645.32
635.16
625
574.84
564.84
554.84
535
524.84
544.76
615.08
604.92
594.84
565.08
554.92
544.84
938.68
928.68
919
908.84
948.84
799.76
790.08
779.92
769.76
759.76
750.08
739.92
729.76
719.76
710.08
699.92
689.76
679.76
670.08
659.92
649.76
639.76
630.08
619.92
609.76
599.76
590.08
579.92
569.76
559.76
550.08
539.92
529.76
519.76
510.08
499.92
489.76
479.76
470.08
459.92
449.76
439.76
430.08
419.92
409.76
399.76
390.08
909.76
900.08
889.92
879.76
869.76
860.08
849.92
839.76
829.76
820.08
809.92
949.92
940.24
930.08
919.92
244.52
234.84
224.68
214.52
204.52
194.84
184.68
174.52
164.52
154.84
144.68
134.52
124.52
114.84
104.68
94.52
84.52
74.84
64.68
54.52
44.52
34.84
24.68
14.52
4.52
-5.16
-15.32
-25.48
-35.48
-45.16
-55.32
-65.48
-75.48
-85.16
-95.32
-105.48
-115.48
-125.16
-135.32
-145.48
-155.48
-165.16
354.52
344.84
334.68
324.52
314.52
304.84
294.68
284.52
274.52
264.84
254.68
385
374.84
364.68
-175.16
-184.84
-195
-205.16
-215.16
-224.84
-235
-245.16
-255.16
-264.84
-275
-285.16
-295.16
-304.84
-315
-325.16
-335.16
-344.84
805
795.32
785.16
775
765
755.32
745.16
735
725
715.32
705.16
695
685
675.32
665.16
655
645
635.32
625.16
615
605
595.32
585.16
575
565
555.32
545.16
535
525
515.32
505.16
495
485
475.32
465.16
455
445
435.32
425.16
415
405
395.32
895.16
885
875
865.32
855.16
845
835
825.32
815.16
249.76
240.08
229.92
219.76
209.76
200.08
189.92
179.76
169.76
160.08
149.92
139.76
129.76
120.08
109.92
99.76
89.76
80.08
69.92
59.76
49.76
40.08
29.92
19.76
9.76
0.08
-10.08
-20.24
-30.24
-39.92
-50.08
-60.24
-70.24
-79.92
-90.08
-100.24
-110.24
-119.92
-130.08
-140.24
-150.24
-159.92
359.76
350.08
339.92
329.76
319.76
310.08
299.92
289.76
279.76
270.08
259.92
390.24
380.08
369.92
-169.92
-179.6
-189.76
-199.92
-209.92
-219.6
-229.76
-239.92
-249.92
-259.6
-269.76
-279.92
-394.84
-404.52
-414.68
-424.84
-434.84
-444.52
-454.68
-464.84
-474.84
-484.52
-494.68
-504.84
-514.84
-524.52
-534.68
-544.84
-554.84
-564.52
-574.68
-584.84
-594.84
-604.52
-614.68
-624.84
-634.84
-644.52
-654.68
-664.84
-674.84
-684.52
-694.68
-704.84
-714.84
-724.52
-734.68
-744.84
-354.84
-364.84
-374.52
-384.68
-315.16
-324.84
-335
-345.16
-355.16
-364.84
-375
-385.16
-395.16
-404.84
-415
-425.16
-435.16
-444.84
-455
-465.16
-475.16
-484.84
-495
-505.16
-515.16
-524.84
-535
-545.16
-555.16
-564.84
-575
-585.16
-595.16
-604.84
-615
-625.16
-635.16
-644.84
-655
-665.16
-285.16
-294.84
-305
-749.07
-749.07
-749.07
-749.07
-749.07
-749.07
-749.07
-749.07
-749.07
-749.07
-749.07
-749.07
-749.07
-749.07
-749.07
-749.07
-749.07
-749.07
-749.07
-749.07
-749.07
-749.07
-749.07
-749.07
-749.07
-749.07
-749.07
-749.07
-749.07
-749.07
-749.07
-749.07
-749.07
-749.07
-749.07
-749.07
-749.07
-749.07
-749.07
-749.07
-749.07
-404.84
-414.52
-424.68
-434.84
-444.84
-454.52
-464.68
-474.84
-484.84
-494.52
-504.68
-514.84
-524.84
-534.52
-544.68
-554.84
-564.84
-574.52
-584.68
-594.84
-604.84
-614.52
-624.68
-634.84
-644.84
-654.52
-664.68
-674.84
-684.84
-694.52
-704.68
-714.84
-724.84
-734.52
-744.68
-384.52
-394.68
-375.16
-364.68
-355.32
-670.93
-670.93
-670.93
-670.93
-670.93
-670.93
-670.93
-670.93
-670.93
-670.93
-670.93
-670.93
-670.93
-670.93
-670.93
-670.93
-670.93
-670.93
-670.93
-335.48
-345.16
-355.32
-365.48
-375.48
-385.16
-395.32
-405.48
-415.48
-425.16
-435.32
-445.48
-455.48
-465.16
-475.32
-485.48
-495.48
-505.16
-515.32
-525.48
-535.48
-545.16
-555.32
-565.48
-575.48
-585.16
-595.32
-605.48
-615.48
-625.16
-635.32
-645.48
-655.48
-665.16
-315.16
-325.32
-305.8
-295.32
-395.48
-405.16
-415.32
-425.48
-435.48
-445.16
-455.32
-465.48
-475.48
-485.16
-495.32
-505.48
-515.48
-525.16
-535.32
-545.48
-555.48
-565.16
-575.32
-585.48
-595.48
-605.16
-615.32
-625.48
-635.48
-645.16
-655.32
-665.48
-675.48
-685.16
-695.32
-705.48
-715.48
-725.16
-375.16
-385.32
-365.8
-355.32
-735.48
-745.16
-325.16
-334.84
-345
-355.16
-365.16
-374.84
-385
-395.16
-405.16
-414.84
-425
-435.16
-445.16
-454.84
-465
-475.16
-485.16
-494.84
-505
-515.16
-525.16
-534.84
-545
-555.16
-565.16
-574.84
-585
-595.16
-605.16
-614.84
-625
-635.16
-645.16
-304.84
-315
-295.48
-655.16
-335.16
-344.84
-355
-365.16
-375.16
-384.84
-395
-405.16
-415.16
-424.84
-435
-445.16
-455.16
-464.84
-475
-485.16
-495.16
-504.84
-515
-525.16
-535.16
-544.84
-555
-565.16
-575.16
-584.84
-595
-605.16
-615.16
-624.84
-635
-645.16
-655.16
-314.84
-325
-665.16
-305
-295
-405.16
-414.84
-425
-435.16
-445.16
-454.84
-465
-475.16
-485.16
-494.84
-505
-515.16
-525.16
-534.84
-545
-555.16
-565.16
-574.84
-585
-595.16
-605.16
-614.84
-625
-635.16
-645.16
-654.84
-665
-675.16
-685.16
-694.84
-705
-715.16
-725.16
-734.84
-384.84
-395
-375.48
-745.16
-365.16
-355.8
-394.55
-404.23
-414.39
-424.55
-434.55
-444.23
-454.39
-464.55
-474.55
-484.23
-494.39
-504.55
-514.55
-524.23
-534.39
-544.55
-554.55
-564.23
-574.39
-584.55
-594.55
-604.23
-614.39
-624.55
-634.55
-644.23
-654.39
-664.55
-674.55
-684.23
-694.39
-704.55
-714.55
-724.23
-374.23
-384.39
-364.87
-354.39
-734.55
-744.23
-324.23
-333.9
-344.07
-354.23
-364.23
-373.9
-384.07
-394.23
-404.23
-413.9
-424.07
-434.23
-444.23
-453.9
-464.07
-474.23
-484.23
-493.9
-504.07
-514.23
-524.23
-533.9
-544.07
-554.23
-564.23
-573.9
-584.07
-594.23
-604.23
-613.9
-624.07
-634.23
-644.23
-303.9
-314.07
-294.55
-654.23
-664.23
-334.23
-343.9
-354.07
-364.23
-374.23
-383.9
-394.07
-404.23
-414.23
-423.9
-434.07
-444.23
-454.23
-463.9
-474.07
-484.23
-494.23
-503.9
-514.07
-524.23
-534.23
-543.9
-554.07
-564.23
-574.23
-583.9
-594.07
-604.23
-614.23
-623.9
-634.07
-644.23
-654.23
-313.9
-324.07
-664.23
-304.07
-294.07
-413.23
-422.9
-433.07
-443.23
-453.23
-462.9
-473.07
-483.23
-493.23
-502.9
-513.07
-523.23
-533.23
-542.9
-553.07
-563.23
-573.23
-582.9
-593.07
-603.23
-613.23
-622.9
-633.07
-643.23
-653.23
-662.9
-673.07
-683.23
-693.23
-702.9
-713.07
-723.23
-733.23
-742.9
-392.9
-403.07
-383.55
-373.23
-363.87
-24.2
-33.87
-44.03
-54.2
-64.2
-73.87
-84.03
-94.2
-104.2
-113.87
-124.03
-134.2
-144.2
-153.87
-164.03
-174.2
-184.2
-193.87
-204.03
-214.2
-224.2
-233.87
-244.03
-254.2
-264.2
-273.87
-284.03
-294.2
-304.2
-313.87
-324.03
-334.2
-344.2
-353.87
-3.87
-14.03
5.48
15.8
25.16
36.13
45.48
55.8
65.16
-25.16
-34.84
-45
-55.16
-65.16
-74.84
-85
-95.16
-105.16
-114.84
-125
-135.16
-145.16
-154.84
-165
-175.16
-185.16
-194.84
-205
-215.16
-225.16
-234.84
-245
-255.16
-265.16
-274.84
-285
-4.84
-15
5
15
74.84
-665.16
