48.8
48.8
48.8
48.8
48.8
48.8
48.8
50
111.2
111.2
111.2
111.2
111.2
111.2
111.2
111.2
111.2
111.64
111.64
111.64
111.64
111.64
111.64
111.64
107.29
200
300
400
500
613.8
618.8
618.8
618.8
618.8
620
551.2
551.2
551.2
551.2
550
388.8
388.8
388.8
388.8
388.8
388.8
385
500
700
800
908.8
908.8
908.8
925
860
791.2
791.2
791.2
800
700
588.8
588.8
588.8
588.8
588.8
590
690
790
890
928.8
928.8
928.8
910
810
700
600
-200
-308.8
-308.8
-300
-600
-708.8
-708.8
-710
-610
-410
-318.8
-311.2
-302.39
-402.39
-502.39
-711.2
-711.2
-712.39
-600
-412.39
-314.26
-300
-400
-602.39
-711.2
-711.2
-712.39
-612.39
-412.39
-20
48.8
48.8
48.8
