100
200
300
400
500
590
690
811.25
815
700
600
500
300
200
100
0
-100
-200
-300
-400
-500
-600
-700
-800
-888.8
-888.8
-888.8
-888.8
-888.8
-900
-800
-700
-600
-500
-421.2
-415
-500
-600
-700
-811.2
-820
-700
-600
-400
-300
-200
-88.75
-88.75
-88.75
-88.75
-100
0
200
319.2
320.48
310
200
100
-11.2
-11.2
-10
100
200
300
400
611.25
611.25
611.25
611.25
610
700
800
878.8
878.8
878.8
878.8
883.8
885
800
688.8
688.8
700
500
391.2
391.2
391.2
400
200
88.8
88.8
88.8
100
-100
-178.8
-178.8
-178.8
-180
-511.2
-511.2
-511.2
-500
-700
-808.8
-808.8
-808.8
-803.8
-820
-720
-130